513706
513703
513698
513697
513696
513627
513626
514221
514220
514218
514216
514215
514213
514212
514211
513622
513619
513618
513616
513614
513612
513611
513609
513607
513606
513605
513602
513599
513598
513596
513594
513592
513591
513590
513589
513587
513585
513584
513582
513579
513578
513576
513574
513572
513568
513566
513565
513563
513561
513559
513557
513555
513553
513551
513549
513547
513545
513543
513541
513539
513537
513535
513534
513533
513426
513425
513633
513632
513630
513531
513529
513526
513525
513523
513519
513518
513516
513514
513512
513510
513509
513508
513506
513505
513504
513443
513441
513439
513438
513436
513435
513433
513431
513430
513502
513500
513498
513496
513494
513492
513490
513488
513486
513484
513483
513482
513480
513478
513477
513476
513474
513470
513466
513464
513462
513460
513459
513456
513455
513453
513451
513450
513448
513447
513401
513399
513398
513396
513395
513393
513391
513390
513388
513387
513385
513383
513381
513380
513378
513377
513376
513374
513373
513371
513370
513368
513367
513366
513198
513196
513195
513194
